
Fixture: 32 schools, 378 obs (after existing 18/2 exclusion)


========== CURRENT Ex_13 settings (max_disp_perc = 0.99, pwt_measurement = NULL) ==========

--- Per-group Block~1 gamma: rate_gamma (A12 3.3.5) vs rate (A12 3.3.4 S_marg) ---
  dGamma_list downstream uses rate (S_marg); rate_gamma retained for comparison.
  sigma2_hat and truncation bounds unchanged.

 group n_j n_prior shape_ING rate_gamma      rate pct_rate inv_E_gamma
     3  13  0.1313    2.0657   886.0020 1076.1798  21.4647    428.9203
     5  11  0.1111    2.0556   444.6785  525.4765  18.1700    216.3301
     6  11  0.1111    2.0556   286.6492  491.5795  71.4917    139.4510
     9  10  0.1010    2.0505    87.6326   96.3273   9.9218     42.7371
    10  14  0.1414    2.0707   331.3325  349.5137   5.4873    160.0094
    11  12  0.1212    2.0606   258.1153  368.1530  42.6312    125.2618
    12  12  0.1212    2.0606   276.7128  619.6105 123.9182    134.2871
    13  10  0.1010    2.0505   254.3587  301.9447  18.7082    124.0468
    14  11  0.1111    2.0556   148.8893  199.8125  34.2020     72.4326
    15   8  0.0808    2.0404   480.8906  525.0105   9.1746    235.6840
    17  12  0.1212    2.0606   755.7902 1011.3151  33.8090    366.7806
    19  13  0.1313    2.0657   272.0360  351.6473  29.2650    131.6947
    20  13  0.1313    2.0657   309.4773  320.1601   3.4519    149.8203
    22  12  0.1212    2.0606   350.3633  503.1363  43.6042    170.0292
    24  11  0.1111    2.0556   410.6725  470.3814  14.5393    199.7866
    25  10  0.1010    2.0505   568.1391  585.8196   3.1120    277.0727
    26  11  0.1111    2.0556   359.0232  509.9855  42.0481    174.6599
    29  14  0.1414    2.0707   514.5472  533.9542   3.7717    248.4887
    30  15  0.1515    2.0758   174.9095  355.0410 102.9855     84.2630
    31  12  0.1212    2.0606   307.7687  348.1719  13.1278    149.3583
    33  12  0.1212    2.0606   212.1361  419.5778  97.7871    102.9484
    35  13  0.1313    2.0657   698.6095  971.6745  39.0869    338.2022
    36  12  0.1212    2.0606   219.0578  220.6642   0.7334    106.3074
    37  14  0.1414    2.0707   615.7851  879.3563  42.8025    297.3792
    38  10  0.1010    2.0505   216.9353  271.3396  25.0786    105.7960
    39  12  0.1212    2.0606   332.5657  334.2247   0.4988    161.3922
    40  11  0.1111    2.0556   191.5910  258.7085  35.0317     93.2064
    42   9  0.0909    2.0455   376.3085  384.7463   2.2423    183.9730
    43  15  0.1515    2.0758   397.1945  409.8393   3.1835    191.3492
    44  13  0.1313    2.0657   119.0517  122.9621   3.2847     57.6338
    45  12  0.1212    2.0606   330.6810  402.5409  21.7309    160.4775
    47  10  0.1010    2.0505   400.5321  498.5913  24.4822    195.3334
 inv_E_rate pct_inv_E
   520.9868   21.4647
   255.6372   18.1700
   239.1468   71.4917
    46.9774    9.9218
   168.7896    5.4873
   178.6625   42.6312
   300.6933  123.9182
   147.2538   18.7082
    97.2061   34.2020
   257.3071    9.1746
   490.7853   33.8090
   170.2351   29.2650
   154.9919    3.4519
   244.1691   43.6042
   228.8342   14.5393
   285.6953    3.1120
   248.1010   42.0481
   257.8608    3.7717
   171.0416  102.9855
   168.9658   13.1278
   203.6186   97.7871
   470.3950   39.0869
   107.0871    0.7334
   424.6647   42.8025
   132.3282   25.0786
   162.1973    0.4988
   125.8582   35.0317
   188.0982    2.2423
   197.4408    3.1835
    59.5269    3.2847
   195.3507   21.7309
   243.1554   24.4822

--- dGamma window asymmetry (flagged groups) ---
 group blup_infl  R_lo  R_hi lo_pct_BLUP hi_pct_OLS
     3     1.826 0.000 1.010       0.000     99.979
     5     2.072 0.000 1.010       0.000     99.987
     6     3.110 0.000 1.010       0.000     99.999
     9    18.060 0.000 1.010       0.000    100.000
    10     4.244 0.000 1.010       0.000    100.000
    11     1.532 0.003 1.009       0.003     99.923
    12     3.882 0.000 1.010       0.000    100.000
    13     2.158 0.000 1.010       0.000     99.987
    14     1.561 0.003 1.009       0.003     99.922
    17     2.065 0.000 1.010       0.000     99.989
    19     1.813 0.000 1.010       0.000     99.978
    20     4.073 0.000 1.010       0.000    100.000
    22     1.509 0.004 1.009       0.004     99.915
    25     2.396 0.000 1.010       0.000     99.993
    26     1.590 0.002 1.009       0.002     99.930
    29     1.270 0.053 1.008       0.053     99.780
    30     5.443 0.000 1.010       0.000    100.000
    31     1.435 0.010 1.009       0.010     99.883
    33     2.127 0.000 1.010       0.000     99.991
    35     1.388 0.015 1.009       0.015     99.868
    36     1.202 0.129 1.007       0.129     99.653
    37     1.802 0.000 1.010       0.000     99.981
    38     1.333 0.038 1.008       0.038     99.783
    40     1.520 0.004 1.009       0.004     99.908
    43     1.919 0.000 1.010       0.000     99.990
    44     7.083 0.000 1.010       0.000    100.000
    45     1.192 0.143 1.006       0.143     99.636
    47     1.664 0.001 1.009       0.001     99.939
 group n_j sigma2_hat disp_lower disp_upper ratio_upp_low         R_lo     R_hi
     9  10   91.69619   37.88759  4248.2169    112.126858 0.000000e+00 1.010101
    10  14  326.43263  150.53711  3148.7025     20.916453 0.000000e+00 1.010101
    12  12  584.20420  256.42902  5442.7003     21.224978 0.000000e+00 1.010100
    20  13  300.43461  135.32602  2854.1951     21.091252 0.000000e+00 1.010100
    30  15  330.03810  155.51292  3987.4495     25.640632 0.000000e+00 1.010101
    44  13  115.38627   51.97392  1906.5028     36.681912 0.000000e+00 1.010101
     6  11  465.70693  198.65349  3587.2561     18.057856 9.903189e-12 1.010092
    25  10  557.65521  230.41540  3426.8926     14.872672 1.970660e-07 1.010032
    33  12  395.60190  173.64443  2019.3927     11.629470 2.065314e-06 1.010012
    13  10  287.42810  118.76131  1591.0186     13.396776 3.476072e-06 1.009970
    17  12  953.52571  418.53800  4725.5494     11.290610 4.574816e-06 1.009992
     5  11  497.81980  212.35166  2554.8985     12.031450 6.315226e-06 1.009968
    43  15  380.97739  179.51535  1622.4192      9.037774 1.087539e-05 1.010001
     3  13 1009.87486  454.88217  4300.6226      9.454366 6.931798e-05 1.009893
    37  14  821.28556  378.74265  3363.4030      8.880444 7.125480e-05 1.009909
    19  13  329.98187  148.63512  1395.1479      9.386395 8.200001e-05 1.009882
    47  10  474.62058  196.10664  2025.4905     10.328516 1.069102e-03 1.009480
    26  11  483.14414  206.09156  1902.4665      9.231171 1.980495e-03 1.009396
    14  11  189.29604   80.74674   731.6660      9.061245 2.765831e-03 1.009312
    11  12  347.11567  152.36202  1276.3297      8.376955 3.206488e-03 1.009319
    22  12  474.38566  208.22556  1718.1937      8.251598 4.190582e-03 1.009240
    40  11  245.09225  104.54736   922.4856      8.823614 4.397113e-03 1.009173
    31  12  328.27641  144.09276  1130.8219      7.847874 9.823924e-03 1.008919
    35  13  911.80830  410.70964  2953.0270      7.190060 1.487330e-02 1.008769
    38  10  258.29444  106.72368   883.5396      8.278759 3.795746e-02 1.007913
    29  14  498.69305  229.97643  1439.5996      6.259770 5.336501e-02 1.007876
    36  12  208.05484   91.32303   600.0372      6.570491 1.294906e-01 1.006592
    45  12  379.53855  166.59363  1085.8284      6.517827 1.433849e-01 1.006420
    24  11  445.62451  190.08707  1214.0454      6.386786 3.821218e-01 1.004067
    15   8  504.62174  193.15312  1525.2952      7.896819 4.817761e-01 1.003115
    39  12  315.12616  138.32063   788.5058      5.700565 6.606964e-01 1.002102
    42   9  368.01822  146.71103   997.5498      6.799420 8.683784e-01 1.000738
 asymmetric_window
              TRUE
              TRUE
              TRUE
              TRUE
              TRUE
              TRUE
              TRUE
              TRUE
              TRUE
              TRUE
              TRUE
              TRUE
              TRUE
              TRUE
              TRUE
              TRUE
              TRUE
              TRUE
              TRUE
              TRUE
              TRUE
              TRUE
              TRUE
              TRUE
              TRUE
              TRUE
              TRUE
              TRUE
             FALSE
             FALSE
             FALSE
             FALSE

28 of 32 groups flagged asymmetric_window: 3, 5, 6, 9, 10, 11, 12, 13, 14, 17, 19, 20, 22, 25, 26, 29, 30, 31, 33, 35, 36, 37, 38, 40, 43, 44, 45, 47
Rscript : Warning message:
At C:\Users\kjell\AppData\Local\Temp\ps-script-c490b2ab-008c-43bb-b68e-75491a4bab33.ps1:111 char:1
+ Rscript data-raw/diag_ex13_asymmetric_window_check.R 2>&1 | Out-File  ...
+ ~~~~~~~~~~~~~~~~~~~~~~~~~~~~~~~~~~~~~~~~~~~~~~~~~~~~~~~~~
    + CategoryInfo          : NotSpecified: (Warning message::String) [], RemoteException
    + FullyQualifiedErrorId : NativeCommandError
 
28 group(s) with asymmetric dGamma truncation window (R_lo = lo_pct_BLUP/lo_pct_OLS < 0.25 or R_hi = 
hi_pct_OLS/hi_pct_BLUP > 4): 3, 5, 6, 9, 10, 11, 12, 13, 14, 17, 19, 20, 22, 25, 26, 29, 30, 31, 33, 35, 36, 37, 38, 
40, 43, 44, 45, 47. 


========== PROPOSED tighter settings (max_disp_perc = 0.80, pwt_measurement = 0.1) ==========

--- Per-group Block~1 gamma: rate_gamma (A12 3.3.5) vs rate (A12 3.3.4 S_marg) ---
  dGamma_list downstream uses rate (S_marg); rate_gamma retained for comparison.
  sigma2_hat and truncation bounds unchanged.

 group n_j n_prior shape_ING rate_gamma      rate pct_rate inv_E_gamma
     3  13  1.4444    2.7222  1436.5301 1739.2289  21.0715    527.7050
     5  11  1.2222    2.6111   680.1504  802.0430  17.9214    260.4831
     6  11  1.2222    2.6111   443.5993  750.3056  69.1404    169.8891
     9  10  1.1111    2.5556   129.9390  142.6385   9.7735     50.8457
    10  14  1.5556    2.7778   551.0089  580.3247   5.3204    198.3632
    11  12  1.3333    2.6667   409.4608  578.5261  41.2898    153.5478
    12  12  1.3333    2.6667   443.7867  973.6737 119.4013    166.4200
    13  10  1.1111    2.5556   377.6498  447.1104  18.3929    147.7760
    14  11  1.2222    2.6111   228.2341  304.9769  33.6246     87.4088
    15   8  0.8889    2.4444   668.4675  728.8981   9.0402    273.4640
    17  12  1.3333    2.6667  1191.9814 1589.2095  33.3250    446.9930
    19  13  1.4444    2.7222   441.7765  568.3021  28.6402    162.2853
    20  13  1.4444    2.7222   500.7587  517.4152   3.3262    183.9522
    22  12  1.3333    2.6667   553.9552  790.6428  42.7268    207.7332
    24  11  1.2222    2.6111   628.1644  717.9506  14.2934    240.5736
    25  10  1.1111    2.5556   841.5837  867.4637   3.0752    329.3153
    26  11  1.2222    2.6111   550.7741  778.3989  41.3282    210.9348
    29  14  1.5556    2.7778   854.6998  886.5654   3.7283    307.6919
    30  15  1.6667    2.8333   307.3441  605.0699  96.8705    108.4744
    31  12  1.3333    2.6667   484.3173  547.1273  12.9688    181.6190
    33  12  1.3333    2.6667   337.9305  659.3365  95.1101    126.7239
    35  13  1.4444    2.7222  1133.6779 1570.3365  38.5170    416.4531
    36  12  1.3333    2.6667   344.3139  346.7581   0.7099    129.1177
    37  14  1.5556    2.7778  1027.5672 1460.0632  42.0893    369.9242
    38  10  1.1111    2.5556   322.1087  401.7914  24.7378    126.0425
    39  12  1.3333    2.6667   522.6403  525.2103   0.4917    195.9901
    40  11  1.2222    2.6111   293.5866  394.8709  34.4990    112.4374
    42   9  1.0000    2.5000   540.0674  552.0273   2.2145    216.0270
    43  15  1.6667    2.8333   677.1614  698.4586   3.1451    238.9981
    44  13  1.4444    2.7222   192.5819  198.7208   3.1877     70.7444
    45  12  1.3333    2.6667   520.8216  632.5642  21.4551    195.3081
    47  10  1.1111    2.5556   594.7095  738.2987  24.1444    232.7124
 inv_E_rate pct_inv_E
   638.9004   21.0715
   307.1654   17.9214
   287.3511   69.1404
    55.8151    9.7735
   208.9169    5.3204
   216.9473   41.2898
   365.1276  119.4013
   174.9562   18.3929
   116.7997   33.6246
   298.1856    9.0402
   595.9536   33.3250
   208.7640   28.6402
   190.0709    3.3262
   296.4910   42.7268
   274.9598   14.2934
   339.4423    3.0752
   298.1102   41.3282
   319.1635    3.7283
   213.5541   96.8705
   205.1728   12.9688
   247.2512   95.1101
   576.8583   38.5170
   130.0343    0.7099
   525.6228   42.0893
   157.2227   24.7378
   196.9538    0.4917
   151.2271   34.4990
   220.8109    2.2145
   246.5148    3.1451
    72.9995    3.1877
   237.2116   21.4551
   288.8995   24.1444

--- dGamma window asymmetry (flagged groups) ---
 group blup_infl  R_lo  R_hi lo_pct_BLUP hi_pct_OLS
     3     1.826 0.006 1.238       0.118     99.031
     5     2.072 0.002 1.242       0.032     99.373
     6     3.110 0.000 1.249       0.000     99.949
     9    18.060 0.000 1.250       0.000    100.000
    10     4.244 0.000 1.250       0.000     99.998
    11     1.532 0.053 1.213       1.053     97.074
    12     3.882 0.000 1.250       0.000     99.992
    13     2.158 0.001 1.242       0.024     99.398
    14     1.561 0.050 1.214       0.994     97.088
    17     2.065 0.001 1.243       0.025     99.465
    19     1.813 0.006 1.237       0.130     98.987
    20     4.073 0.000 1.250       0.000     99.997
    22     1.509 0.061 1.210       1.218     96.833
    25     2.396 0.000 1.246       0.005     99.665
    26     1.590 0.041 1.217       0.828     97.350
    29     1.270 0.232 1.165       4.634     93.178
    30     5.443 0.000 1.250       0.000    100.000
    31     1.435 0.097 1.199       1.932     95.904
    33     2.127 0.001 1.244       0.016     99.554
    35     1.388 0.119 1.193       2.377     95.453
    37     1.802 0.006 1.238       0.115     99.078
    38     1.333 0.202 1.168       4.047     93.453
    40     1.520 0.064 1.208       1.277     96.674
    43     1.919 0.002 1.243       0.037     99.470
    44     7.083 0.000 1.250       0.000    100.000
    47     1.664 0.030 1.221       0.609     97.654
 group n_j sigma2_hat disp_lower disp_upper ratio_upp_low         R_lo     R_hi
     9  10   91.69619   61.84616  2087.6229     33.755095 0.000000e+00 1.250000
    30  15  330.03810  238.84644  2212.6463      9.263886 0.000000e+00 1.249999
    44  13  115.38627   81.55138  1015.2799     12.449573 0.000000e+00 1.250000
    10  14  326.43263  233.59573  1713.3307      7.334598 7.815970e-13 1.249980
    20  13  300.43461  212.33772  1519.9594      7.158217 1.465994e-11 1.249957
    12  12  584.20420  407.23368  2830.0792      6.949521 2.766071e-10 1.249905
     6  11  465.70693  319.64721  1816.3185      5.682260 5.422349e-07 1.249360
    25  10  557.65521  376.12066  1684.0147      4.477326 2.314769e-04 1.245806
    33  12  395.60190  275.76388  1050.0378      3.807742 7.918679e-04 1.244424
    13  10  287.42810  193.86109   781.8449      4.033016 1.221440e-03 1.242469
    17  12  953.52571  664.67817  2457.1771      3.696792 1.263768e-03 1.243315
     5  11  497.81980  341.68852  1293.6098      3.785933 1.615970e-03 1.242167
    43  15  380.97739  275.71088   900.2847      3.265322 1.827121e-03 1.243375
    37  14  821.28556  587.71332  1830.1575      3.114031 5.759722e-03 1.238479
     3  13 1009.87486  713.74775  2290.2330      3.208743 5.878466e-03 1.237881
    19  13  329.98187  233.22080   742.9654      3.185674 6.478133e-03 1.237339
    47  10  474.62058  320.11645   995.3495      3.109336 3.045403e-02 1.220674
    26  11  483.14414  331.61559   963.2670      2.904770 4.141347e-02 1.216877
    14  11  189.29604  129.92710   370.4610      2.851299 4.968122e-02 1.213605
    11  12  347.11567  241.96538   663.6621      2.742798 5.262875e-02 1.213422
    22  12  474.38566  330.68201   893.4212      2.701753 6.091321e-02 1.210418
    40  11  245.09225  168.22394   467.0778      2.776524 6.386441e-02 1.208428
    31  12  328.27641  228.83301   588.0014      2.569565 9.658119e-02 1.198803
    35  13  911.80830  644.43740  1572.5909      2.440254 1.188686e-01 1.193158
    38  10  258.29444  174.21137   434.1816      2.492269 2.023279e-01 1.168158
    29  14  498.69305  356.86557   783.3417      2.195061 2.317166e-01 1.164730
    36  12  208.05484  145.02966   312.0056      2.151322 3.708765e-01 1.131226
    45  12  379.53855  264.56653   564.6058      2.134079 3.904004e-01 1.126946
    24  11  445.62451  305.86325   614.7019      2.009728 6.353426e-01 1.074609
    15   8  504.62174  326.00552   696.9388      2.137813 7.153651e-01 1.056737
    39  12  315.12616  219.66631   410.0049      1.866490 8.236239e-01 1.036291
    42   9  368.01822  243.30750   473.8651      1.947597 9.376544e-01 1.012563
 asymmetric_window
              TRUE
              TRUE
              TRUE
              TRUE
              TRUE
              TRUE
              TRUE
              TRUE
              TRUE
              TRUE
              TRUE
              TRUE
              TRUE
              TRUE
              TRUE
              TRUE
              TRUE
              TRUE
              TRUE
              TRUE
              TRUE
              TRUE
              TRUE
              TRUE
              TRUE
              TRUE
             FALSE
             FALSE
             FALSE
             FALSE
             FALSE
             FALSE

26 of 32 groups flagged asymmetric_window: 3, 5, 6, 9, 10, 11, 12, 13, 14, 17, 19, 20, 22, 25, 26, 29, 30, 31, 33, 35, 37, 38, 40, 43, 44, 47


========== Does disp_upper/disp_lower depend on rate, or only on shape+blup_infl? ==========
Warning message:
26 group(s) with asymmetric dGamma truncation window (R_lo = lo_pct_BLUP/lo_pct_OLS < 0.25 or R_hi = 
hi_pct_OLS/hi_pct_BLUP > 4): 3, 5, 6, 9, 10, 11, 12, 13, 14, 17, 19, 20, 22, 25, 26, 29, 30, 31, 33, 35, 37, 38, 40, 
43, 44, 47. 

--- Per-group Block~1 gamma: rate_gamma (A12 3.3.5) vs rate (A12 3.3.4 S_marg) ---
  dGamma_list downstream uses rate (S_marg); rate_gamma retained for comparison.
  sigma2_hat and truncation bounds unchanged.

 group n_j n_prior shape_ING rate_gamma      rate pct_rate inv_E_gamma
     3  13  1.4444    2.7222  1436.5301 1739.2289  21.0715    527.7050
     5  11  1.2222    2.6111   680.1504  802.0430  17.9214    260.4831
     6  11  1.2222    2.6111   443.5993  750.3056  69.1404    169.8891
     9  10  1.1111    2.5556   129.9390  142.6385   9.7735     50.8457
    10  14  1.5556    2.7778   551.0089  580.3247   5.3204    198.3632
    11  12  1.3333    2.6667   409.4608  578.5261  41.2898    153.5478
    12  12  1.3333    2.6667   443.7867  973.6737 119.4013    166.4200
    13  10  1.1111    2.5556   377.6498  447.1104  18.3929    147.7760
    14  11  1.2222    2.6111   228.2341  304.9769  33.6246     87.4088
    15   8  0.8889    2.4444   668.4675  728.8981   9.0402    273.4640
    17  12  1.3333    2.6667  1191.9814 1589.2095  33.3250    446.9930
    19  13  1.4444    2.7222   441.7765  568.3021  28.6402    162.2853
    20  13  1.4444    2.7222   500.7587  517.4152   3.3262    183.9522
    22  12  1.3333    2.6667   553.9552  790.6428  42.7268    207.7332
    24  11  1.2222    2.6111   628.1644  717.9506  14.2934    240.5736
    25  10  1.1111    2.5556   841.5837  867.4637   3.0752    329.3153
    26  11  1.2222    2.6111   550.7741  778.3989  41.3282    210.9348
    29  14  1.5556    2.7778   854.6998  886.5654   3.7283    307.6919
    30  15  1.6667    2.8333   307.3441  605.0699  96.8705    108.4744
    31  12  1.3333    2.6667   484.3173  547.1273  12.9688    181.6190
    33  12  1.3333    2.6667   337.9305  659.3365  95.1101    126.7239
    35  13  1.4444    2.7222  1133.6779 1570.3365  38.5170    416.4531
    36  12  1.3333    2.6667   344.3139  346.7581   0.7099    129.1177
    37  14  1.5556    2.7778  1027.5672 1460.0632  42.0893    369.9242
    38  10  1.1111    2.5556   322.1087  401.7914  24.7378    126.0425
    39  12  1.3333    2.6667   522.6403  525.2103   0.4917    195.9901
    40  11  1.2222    2.6111   293.5866  394.8709  34.4990    112.4374
    42   9  1.0000    2.5000   540.0674  552.0273   2.2145    216.0270
    43  15  1.6667    2.8333   677.1614  698.4586   3.1451    238.9981
    44  13  1.4444    2.7222   192.5819  198.7208   3.1877     70.7444
    45  12  1.3333    2.6667   520.8216  632.5642  21.4551    195.3081
    47  10  1.1111    2.5556   594.7095  738.2987  24.1444    232.7124
 inv_E_rate pct_inv_E
   638.9004   21.0715
   307.1654   17.9214
   287.3511   69.1404
    55.8151    9.7735
   208.9169    5.3204
   216.9473   41.2898
   365.1276  119.4013
   174.9562   18.3929
   116.7997   33.6246
   298.1856    9.0402
   595.9536   33.3250
   208.7640   28.6402
   190.0709    3.3262
   296.4910   42.7268
   274.9598   14.2934
   339.4423    3.0752
   298.1102   41.3282
   319.1635    3.7283
   213.5541   96.8705
   205.1728   12.9688
   247.2512   95.1101
   576.8583   38.5170
   130.0343    0.7099
   525.6228   42.0893
   157.2227   24.7378
   196.9538    0.4917
   151.2271   34.4990
   220.8109    2.2145
   246.5148    3.1451
    72.9995    3.1877
   237.2116   21.4551
   288.8995   24.1444
 group blup_infl disp_lower disp_upper ratio_actual shape_ING ratio_predicted
     9 18.060085   61.84616  2087.6229    33.755095  2.555556       55.417333
    44  7.083376   81.55138  1015.2799    12.449573  2.722222       20.902714
    30  5.443168  238.84644  2212.6463     9.263886  2.833333       15.683267
    10  4.243809  233.59573  1713.3307     7.334598  2.777778       12.372093
    20  4.072778  212.33772  1519.9594     7.158217  2.722222       12.018578
    12  3.881788  407.23368  2830.0792     6.949521  2.666667       11.599831
     6  3.109917  319.64721  1816.3185     5.682260  2.611111        9.414978
    25  2.395516  376.12066  1684.0147     4.477326  2.555556        7.350637
    13  2.157796  193.86109   781.8449     4.033016  2.555556        6.621193
    33  2.126887  275.76388  1050.0378     3.807742  2.666667        6.355714


========== Effect of pwt_measurement on shape_ING and flagged count (max_disp_perc = 0.8) ==========

--- Per-group Block~1 gamma: rate_gamma (A12 3.3.5) vs rate (A12 3.3.4 S_marg) ---
  dGamma_list downstream uses rate (S_marg); rate_gamma retained for comparison.
  sigma2_hat and truncation bounds unchanged.

 group n_j n_prior shape_ING rate_gamma      rate pct_rate inv_E_gamma
     3  13  1.4444    2.7222  1436.5301 1739.2289  21.0715    527.7050
     5  11  1.2222    2.6111   680.1504  802.0430  17.9214    260.4831
     6  11  1.2222    2.6111   443.5993  750.3056  69.1404    169.8891
     9  10  1.1111    2.5556   129.9390  142.6385   9.7735     50.8457
    10  14  1.5556    2.7778   551.0089  580.3247   5.3204    198.3632
    11  12  1.3333    2.6667   409.4608  578.5261  41.2898    153.5478
    12  12  1.3333    2.6667   443.7867  973.6737 119.4013    166.4200
    13  10  1.1111    2.5556   377.6498  447.1104  18.3929    147.7760
    14  11  1.2222    2.6111   228.2341  304.9769  33.6246     87.4088
    15   8  0.8889    2.4444   668.4675  728.8981   9.0402    273.4640
    17  12  1.3333    2.6667  1191.9814 1589.2095  33.3250    446.9930
    19  13  1.4444    2.7222   441.7765  568.3021  28.6402    162.2853
    20  13  1.4444    2.7222   500.7587  517.4152   3.3262    183.9522
    22  12  1.3333    2.6667   553.9552  790.6428  42.7268    207.7332
    24  11  1.2222    2.6111   628.1644  717.9506  14.2934    240.5736
    25  10  1.1111    2.5556   841.5837  867.4637   3.0752    329.3153
    26  11  1.2222    2.6111   550.7741  778.3989  41.3282    210.9348
    29  14  1.5556    2.7778   854.6998  886.5654   3.7283    307.6919
    30  15  1.6667    2.8333   307.3441  605.0699  96.8705    108.4744
    31  12  1.3333    2.6667   484.3173  547.1273  12.9688    181.6190
    33  12  1.3333    2.6667   337.9305  659.3365  95.1101    126.7239
    35  13  1.4444    2.7222  1133.6779 1570.3365  38.5170    416.4531
    36  12  1.3333    2.6667   344.3139  346.7581   0.7099    129.1177
    37  14  1.5556    2.7778  1027.5672 1460.0632  42.0893    369.9242
    38  10  1.1111    2.5556   322.1087  401.7914  24.7378    126.0425
    39  12  1.3333    2.6667   522.6403  525.2103   0.4917    195.9901
    40  11  1.2222    2.6111   293.5866  394.8709  34.4990    112.4374
    42   9  1.0000    2.5000   540.0674  552.0273   2.2145    216.0270
    43  15  1.6667    2.8333   677.1614  698.4586   3.1451    238.9981
    44  13  1.4444    2.7222   192.5819  198.7208   3.1877     70.7444
    45  12  1.3333    2.6667   520.8216  632.5642  21.4551    195.3081
    47  10  1.1111    2.5556   594.7095  738.2987  24.1444    232.7124
 inv_E_rate pct_inv_E
   638.9004   21.0715
   307.1654   17.9214
   287.3511   69.1404
    55.8151    9.7735
   208.9169    5.3204
   216.9473   41.2898
   365.1276  119.4013
   174.9562   18.3929
   116.7997   33.6246
   298.1856    9.0402
   595.9536   33.3250
   208.7640   28.6402
   190.0709    3.3262
   296.4910   42.7268
   274.9598   14.2934
   339.4423    3.0752
   298.1102   41.3282
   319.1635    3.7283
   213.5541   96.8705
   205.1728   12.9688
   247.2512   95.1101
   576.8583   38.5170
   130.0343    0.7099
   525.6228   42.0893
   157.2227   24.7378
   196.9538    0.4917
   151.2271   34.4990
   220.8109    2.2145
   246.5148    3.1451
    72.9995    3.1877
   237.2116   21.4551
   288.8995   24.1444
pwt_measurement = 0.10: shape_ING range [2.444, 2.833], 26/32 groups flagged asymmetric, median ratio_upp_low = 3.11

--- Per-group Block~1 gamma: rate_gamma (A12 3.3.5) vs rate (A12 3.3.4 S_marg) ---
  dGamma_list downstream uses rate (S_marg); rate_gamma retained for comparison.
  sigma2_hat and truncation bounds unchanged.

 group n_j n_prior shape_ING rate_gamma      rate pct_rate inv_E_gamma
     3  13    3.25     3.625  2211.0279 2650.9215  19.8954    609.9387
     5  11    2.75     3.375  1009.0259 1182.3220  17.1746    298.9706
     6  11    2.75     3.375   681.0953 1106.0540  62.3934    201.8060
     9  10    2.50     3.250   188.7157  206.3164   9.3266     58.0664
    10  14    3.50     3.750   856.4290  897.6897   4.8178    228.3811
    11  12    3.00     3.500   631.6960  867.7892  37.3745    180.4846
    12  12    3.00     3.500   706.3721 1460.5105 106.7622    201.8206
    13  10    2.50     3.250   550.6409  646.7132  17.4474    169.4280
    14  11    2.75     3.375   340.8352  449.5781  31.9048    100.9882
    15   8    2.00     3.000   929.0243 1009.2435   8.6348    309.6748
    17  12    3.00     3.500  1807.5678 2383.8143  31.8797    516.4479
    19  13    3.25     3.625   683.2159  866.2024  26.7831    188.4734
    20  13    3.25     3.625   766.0623  788.6408   2.9474    211.3275
    22  12    3.00     3.500   846.3164 1185.9642  40.1325    241.8047
    24  11    2.75     3.375   932.0245 1058.3582  13.5548    276.1554
    25  10    2.50     3.250  1218.6092 1254.7242   2.9636    374.9567
    26  11    2.75     3.375   824.3860 1147.4673  39.1905    244.2625
    29  14    3.50     3.750  1323.7883 1371.4059   3.5971    353.0102
    30  15    3.75     3.875   525.9697  948.8595  80.4019    135.7341
    31  12    3.00     3.500   729.5702  820.6910  12.4897    208.4486
    33  12    3.00     3.500   527.6857  989.0048  87.4231    150.7673
    35  13    3.25     3.625  1749.4008 2393.4968  36.8181    482.5933
    36  12    3.00     3.500   516.8360  520.1371   0.6387    147.6674
    37  14    3.50     3.750  1613.5721 2258.5353  39.9711    430.2859
    38  10    2.50     3.250   469.7537  581.1625  23.7164    144.5396
    39  12    3.00     3.500   784.1287  787.8154   0.4702    224.0368
    40  11    2.75     3.375   437.9608  582.0941  32.9101    129.7662
    42   9    2.25     3.125   765.7246  782.0387   2.1305    245.0319
    43  15    3.75     3.875  1063.1120 1095.3100   3.0287    274.3515
    44  13    3.25     3.625   294.3674  302.8890   2.8949     81.2048
    45  12    3.00     3.500   786.5963  948.8464  20.6269    224.7418
    47  10    2.50     3.250   867.2782 1067.8963  23.1319    266.8548
 inv_E_rate pct_inv_E
   731.2887   19.8954
   350.3176   17.1746
   327.7197   62.3934
    63.4820    9.3266
   239.3839    4.8178
   247.9398   37.3745
   417.2887  106.7622
   198.9887   17.4474
   133.2083   31.9048
   336.4145    8.6348
   681.0898   31.8797
   238.9524   26.7831
   217.5561    2.9474
   338.8469   40.1325
   313.5876   13.5548
   386.0690    2.9636
   339.9903   39.1905
   365.7082    3.5971
   244.8670   80.4019
   234.4831   12.4897
   282.5728   87.4231
   660.2750   36.8181
   148.6106    0.6387
   602.2761   39.9711
   178.8192   23.7164
   225.0901    0.4702
   172.4723   32.9101
   250.2524    2.1305
   282.6606    3.0287
    83.5556    2.8949
   271.0990   20.6269
   328.5835   23.1319
pwt_measurement = 0.20: shape_ING range [3.000, 3.875], 26/32 groups flagged asymmetric, median ratio_upp_low = 3.03

--- Per-group Block~1 gamma: rate_gamma (A12 3.3.5) vs rate (A12 3.3.4 S_marg) ---
  dGamma_list downstream uses rate (S_marg); rate_gamma retained for comparison.
  sigma2_hat and truncation bounds unchanged.

 group n_j n_prior shape_ING rate_gamma      rate pct_rate inv_E_gamma
     3  13  5.5714    4.7857  3240.3184 3823.0977  17.9852    677.0815
     5  11  4.7143    4.3571  1441.3472 1671.2522  15.9507    330.8010
     6  11  4.7143    4.3571  1026.7580 1563.4447  52.2700    235.6494
     9  10  4.2857    4.1429   265.3914  288.1880   8.5898     64.0600
    10  14  6.0000    5.0000  1255.6229 1305.7305   3.9907    251.1246
    11  12  5.1429    4.5714   944.1011 1239.6988  31.3100    206.5221
    12  12  5.1429    4.5714  1105.9890 2086.4436  88.6496    241.9351
    13  10  4.2857    4.1429   779.3868  903.3455  15.9046    188.1278
    14  11  4.7143    4.3571   492.1165  635.4938  29.1348    112.9448
    15   8  3.4286    3.7143  1268.6311 1369.6876   7.9658    341.5545
    17  12  5.1429    4.5714  2628.8961 3405.4490  29.5391    575.0710
    19  13  5.5714    4.7857  1009.0253 1249.2171  23.8043    210.8411
    20  13  5.5714    4.7857  1111.5492 1137.3596   2.3220    232.2640
    22  12  5.1429    4.5714  1245.6507 1694.2345  36.0120    272.4861
    24  11  4.7143    4.3571  1331.6390 1496.0251  12.3446    305.6221
    25  10  4.2857    4.1429  1705.2540 1752.6307   2.7783    411.6130
    26  11  4.7143    4.3571  1194.6732 1621.9839  35.7680    274.1873
    29  14  6.0000    5.0000  1929.5699 1994.7722   3.3791    385.9140
    30  15  6.4286    5.2143   878.4774 1390.8749  58.3279    168.4751
    31  12  5.1429    4.5714  1049.6105 1172.4157  11.7001    229.6023
    33  12  5.1429    4.5714   803.3365 1412.8639  75.8745    175.7299
    35  13  5.5714    4.7857  2574.5182 3451.8457  34.0773    537.9590
    36  12  5.1429    4.5714   739.2063  743.0530   0.5204    161.7014
    37  14  6.0000    5.0000  2405.3270 3285.1422  36.5778    481.0654
    38  10  4.2857    4.1429   665.1188  811.7825  22.0508    160.5459
    39  12  5.1429    4.5714  1120.5845 1125.4506   0.4342    245.1279
    40  11  4.7143    4.3571   631.2611  822.8097  30.3438    144.8796
    42   9  3.8571    3.9286  1056.7293 1077.7677   1.9909    268.9857
    43  15  6.4286    5.2143  1561.2820 1605.5476   2.8352    299.4239
    44  13  5.5714    4.7857   426.5377  436.8195   2.4105     89.1273
    45  12  5.1429    4.5714  1136.4802 1355.4948  19.2713    248.6050
    47  10  4.2857    4.1429  1227.9035 1491.6647  21.4806    296.3905
 inv_E_rate pct_inv_E
   798.8562   17.9852
   383.5661   15.9507
   358.8234   52.2700
    69.5626    8.5898
   261.1461    3.9907
   271.1841   31.3100
   456.4095   88.6496
   218.0489   15.9046
   145.8510   29.1348
   368.7620    7.9658
   744.9420   29.5391
   261.0304   23.8043
   237.6572    2.3220
   370.6138   36.0120
   343.3500   12.3446
   423.0488    2.7783
   372.2586   35.7680
   398.9544    3.3791
   266.7431   58.3279
   256.4659   11.7001
   309.0640   75.8745
   721.2812   34.0773
   162.5428    0.5204
   657.0284   36.5778
   195.9475   22.0508
   246.1923    0.4342
   188.8416   30.3438
   274.3409    1.9909
   307.9132    2.8352
    91.2757    2.4105
   296.5145   19.2713
   360.0570   21.4806
pwt_measurement = 0.30: shape_ING range [3.714, 5.214], 26/32 groups flagged asymmetric, median ratio_upp_low = 2.94

--- Per-group Block~1 gamma: rate_gamma (A12 3.3.5) vs rate (A12 3.3.4 S_marg) ---
  dGamma_list downstream uses rate (S_marg); rate_gamma retained for comparison.
  sigma2_hat and truncation bounds unchanged.

 group n_j n_prior shape_ING rate_gamma      rate pct_rate inv_E_gamma
     3  13      13       8.5  6746.7822 7574.0615  12.2618    793.7391
     5  11      11       7.5  2883.9701 3235.8287  12.2005    384.5293
     6  11      11       7.5  2384.5475 3027.0950  26.9463    317.9397
     9  10      10       7.0   517.5827  550.1771   6.2974     73.9404
    10  14      14       9.0  2574.6568 2611.4610   1.4295    286.0730
    11  12      12       8.0  2111.8443 2429.8097  15.0563    263.9805
    12  12      12       8.0  2775.4067 4089.4294  47.3452    346.9258
    13  10      10       7.0  1550.4623 1724.5686  11.2293    221.4946
    14  11      11       7.5  1016.8507 1230.4242  21.0034    135.5801
    15   8       8       6.0  2383.0045 2523.1087   5.8793    397.1674
    17  12      12       8.0  5445.2652 6674.6800  22.5777    680.6581
    19  13      13       8.5  2149.3060 2474.8640  15.1471    252.8595
    20  13      13       8.5  2244.9304 2253.2595   0.3710    264.1095
    22  12      12       8.0  2671.2022 3320.6996  24.3148    333.9003
    24  11      11       7.5  2666.2026 2896.5593   8.6399    355.4937
    25  10      10       7.0  3274.2380 3345.9312   2.1896    467.7483
    26  11      11       7.5  2495.0947 3140.4369  25.8644    332.6793
    29  14      14       9.0  3885.1212 3989.5444   2.6878    431.6801
    30  15      15       9.5  2465.6153 2805.3239  13.7778    259.5385
    31  12      12       8.0  2103.4449 2297.9348   9.2463    262.9306
    33  12      12       8.0  1885.0023 2769.2133  46.9077    235.6253
    35  13      13       8.5  5427.4125 6838.5622  26.0004    638.5191
    36  12      12       8.0  1454.2963 1456.3839   0.1435    181.7870
    37  14      14       9.0  5183.8571 6570.2845  26.7451    575.9841
    38  10      10       7.0  1324.4786 1549.7666  17.0096    189.2112
    39  12      12       8.0  2198.8588 2205.8831   0.3195    274.8573
    40  11      11       7.5  1297.7472 1593.0997  22.7589    173.0330
    42   9       9       6.5  1993.2736 2024.1002   1.5465    306.6575
    43  15      15       9.5  3167.9462 3238.3078   2.2210    333.4680
    44  13      13       8.5   857.7564  865.3970   0.8908    100.9125
    45  12      12       8.0  2307.6019 2656.7698  15.1312    288.4502
    47  10      10       7.0  2444.7796 2847.7235  16.4818    349.2542
 inv_E_rate pct_inv_E
   891.0661   12.2618
   431.4438   12.2005
   403.6127   26.9463
    78.5967    6.2974
   290.1623    1.4295
   303.7262   15.0563
   511.1787   47.3452
   246.3669   11.2293
   164.0566   21.0034
   420.5181    5.8793
   834.3350   22.5777
   291.1605   15.1471
   265.0894    0.3710
   415.0875   24.3148
   386.2079    8.6399
   477.9902    2.1896
   418.7249   25.8644
   443.2827    2.6878
   295.2973   13.7778
   287.2419    9.2463
   346.1517   46.9077
   804.5367   26.0004
   182.0480    0.1435
   730.0316   26.7451
   221.3952   17.0096
   275.7354    0.3195
   212.4133   22.7589
   311.4000    1.5465
   340.8745    2.2210
   101.8114    0.8908
   332.0962   15.1312
   406.8176   16.4818
pwt_measurement = 0.50: shape_ING range [6.000, 9.500], 26/32 groups flagged asymmetric, median ratio_upp_low = 2.74


========== disp_upper_anchor: blup (current) vs symmetric ==========

--- Per-group Block~1 gamma: rate_gamma (A12 3.3.5) vs rate (A12 3.3.4 S_marg) ---
  dGamma_list downstream uses rate (S_marg); rate_gamma retained for comparison.
  sigma2_hat and truncation bounds unchanged.

 group n_j n_prior shape_ING rate_gamma      rate pct_rate inv_E_gamma
     3  13  1.4444    2.7222  1436.5301 1739.2289  21.0715    527.7050
     5  11  1.2222    2.6111   680.1504  802.0430  17.9214    260.4831
     6  11  1.2222    2.6111   443.5993  750.3056  69.1404    169.8891
     9  10  1.1111    2.5556   129.9390  142.6385   9.7735     50.8457
    10  14  1.5556    2.7778   551.0089  580.3247   5.3204    198.3632
    11  12  1.3333    2.6667   409.4608  578.5261  41.2898    153.5478
    12  12  1.3333    2.6667   443.7867  973.6737 119.4013    166.4200
    13  10  1.1111    2.5556   377.6498  447.1104  18.3929    147.7760
    14  11  1.2222    2.6111   228.2341  304.9769  33.6246     87.4088
    15   8  0.8889    2.4444   668.4675  728.8981   9.0402    273.4640
    17  12  1.3333    2.6667  1191.9814 1589.2095  33.3250    446.9930
    19  13  1.4444    2.7222   441.7765  568.3021  28.6402    162.2853
    20  13  1.4444    2.7222   500.7587  517.4152   3.3262    183.9522
    22  12  1.3333    2.6667   553.9552  790.6428  42.7268    207.7332
    24  11  1.2222    2.6111   628.1644  717.9506  14.2934    240.5736
    25  10  1.1111    2.5556   841.5837  867.4637   3.0752    329.3153
    26  11  1.2222    2.6111   550.7741  778.3989  41.3282    210.9348
    29  14  1.5556    2.7778   854.6998  886.5654   3.7283    307.6919
    30  15  1.6667    2.8333   307.3441  605.0699  96.8705    108.4744
    31  12  1.3333    2.6667   484.3173  547.1273  12.9688    181.6190
    33  12  1.3333    2.6667   337.9305  659.3365  95.1101    126.7239
    35  13  1.4444    2.7222  1133.6779 1570.3365  38.5170    416.4531
    36  12  1.3333    2.6667   344.3139  346.7581   0.7099    129.1177
    37  14  1.5556    2.7778  1027.5672 1460.0632  42.0893    369.9242
    38  10  1.1111    2.5556   322.1087  401.7914  24.7378    126.0425
    39  12  1.3333    2.6667   522.6403  525.2103   0.4917    195.9901
    40  11  1.2222    2.6111   293.5866  394.8709  34.4990    112.4374
    42   9  1.0000    2.5000   540.0674  552.0273   2.2145    216.0270
    43  15  1.6667    2.8333   677.1614  698.4586   3.1451    238.9981
    44  13  1.4444    2.7222   192.5819  198.7208   3.1877     70.7444
    45  12  1.3333    2.6667   520.8216  632.5642  21.4551    195.3081
    47  10  1.1111    2.5556   594.7095  738.2987  24.1444    232.7124
 inv_E_rate pct_inv_E
   638.9004   21.0715
   307.1654   17.9214
   287.3511   69.1404
    55.8151    9.7735
   208.9169    5.3204
   216.9473   41.2898
   365.1276  119.4013
   174.9562   18.3929
   116.7997   33.6246
   298.1856    9.0402
   595.9536   33.3250
   208.7640   28.6402
   190.0709    3.3262
   296.4910   42.7268
   274.9598   14.2934
   339.4423    3.0752
   298.1102   41.3282
   319.1635    3.7283
   213.5541   96.8705
   205.1728   12.9688
   247.2512   95.1101
   576.8583   38.5170
   130.0343    0.7099
   525.6228   42.0893
   157.2227   24.7378
   196.9538    0.4917
   151.2271   34.4990
   220.8109    2.2145
   246.5148    3.1451
    72.9995    3.1877
   237.2116   21.4551
   288.8995   24.1444
anchor=blup      pwt_measurement=0.10: 26/32 flagged asymmetric | lmc2_max range [0.00438, 0.02753], median 0.01048 | ratio_upp_low median 3.11

--- Per-group Block~1 gamma: rate_gamma (A12 3.3.5) vs rate (A12 3.3.4 S_marg) ---
  dGamma_list downstream uses rate (S_marg); rate_gamma retained for comparison.
  sigma2_hat and truncation bounds unchanged.

 group n_j n_prior shape_ING rate_gamma      rate pct_rate inv_E_gamma
     3  13  5.5714    4.7857  3240.3184 3823.0977  17.9852    677.0815
     5  11  4.7143    4.3571  1441.3472 1671.2522  15.9507    330.8010
     6  11  4.7143    4.3571  1026.7580 1563.4447  52.2700    235.6494
     9  10  4.2857    4.1429   265.3914  288.1880   8.5898     64.0600
    10  14  6.0000    5.0000  1255.6229 1305.7305   3.9907    251.1246
    11  12  5.1429    4.5714   944.1011 1239.6988  31.3100    206.5221
    12  12  5.1429    4.5714  1105.9890 2086.4436  88.6496    241.9351
    13  10  4.2857    4.1429   779.3868  903.3455  15.9046    188.1278
    14  11  4.7143    4.3571   492.1165  635.4938  29.1348    112.9448
    15   8  3.4286    3.7143  1268.6311 1369.6876   7.9658    341.5545
    17  12  5.1429    4.5714  2628.8961 3405.4490  29.5391    575.0710
    19  13  5.5714    4.7857  1009.0253 1249.2171  23.8043    210.8411
    20  13  5.5714    4.7857  1111.5492 1137.3596   2.3220    232.2640
    22  12  5.1429    4.5714  1245.6507 1694.2345  36.0120    272.4861
    24  11  4.7143    4.3571  1331.6390 1496.0251  12.3446    305.6221
    25  10  4.2857    4.1429  1705.2540 1752.6307   2.7783    411.6130
    26  11  4.7143    4.3571  1194.6732 1621.9839  35.7680    274.1873
    29  14  6.0000    5.0000  1929.5699 1994.7722   3.3791    385.9140
    30  15  6.4286    5.2143   878.4774 1390.8749  58.3279    168.4751
    31  12  5.1429    4.5714  1049.6105 1172.4157  11.7001    229.6023
    33  12  5.1429    4.5714   803.3365 1412.8639  75.8745    175.7299
    35  13  5.5714    4.7857  2574.5182 3451.8457  34.0773    537.9590
    36  12  5.1429    4.5714   739.2063  743.0530   0.5204    161.7014
    37  14  6.0000    5.0000  2405.3270 3285.1422  36.5778    481.0654
    38  10  4.2857    4.1429   665.1188  811.7825  22.0508    160.5459
    39  12  5.1429    4.5714  1120.5845 1125.4506   0.4342    245.1279
    40  11  4.7143    4.3571   631.2611  822.8097  30.3438    144.8796
    42   9  3.8571    3.9286  1056.7293 1077.7677   1.9909    268.9857
    43  15  6.4286    5.2143  1561.2820 1605.5476   2.8352    299.4239
    44  13  5.5714    4.7857   426.5377  436.8195   2.4105     89.1273
    45  12  5.1429    4.5714  1136.4802 1355.4948  19.2713    248.6050
    47  10  4.2857    4.1429  1227.9035 1491.6647  21.4806    296.3905
 inv_E_rate pct_inv_E
   798.8562   17.9852
   383.5661   15.9507
   358.8234   52.2700
    69.5626    8.5898
   261.1461    3.9907
   271.1841   31.3100
   456.4095   88.6496
   218.0489   15.9046
   145.8510   29.1348
   368.7620    7.9658
   744.9420   29.5391
   261.0304   23.8043
   237.6572    2.3220
   370.6138   36.0120
   343.3500   12.3446
   423.0488    2.7783
   372.2586   35.7680
   398.9544    3.3791
   266.7431   58.3279
   256.4659   11.7001
   309.0640   75.8745
   721.2812   34.0773
   162.5428    0.5204
   657.0284   36.5778
   195.9475   22.0508
   246.1923    0.4342
   188.8416   30.3438
   274.3409    1.9909
   307.9132    2.8352
    91.2757    2.4105
   296.5145   19.2713
   360.0570   21.4806
anchor=blup      pwt_measurement=0.30: 26/32 flagged asymmetric | lmc2_max range [0.00434, 0.02725], median 0.01039 | ratio_upp_low median 2.94

--- Per-group Block~1 gamma: rate_gamma (A12 3.3.5) vs rate (A12 3.3.4 S_marg) ---
  dGamma_list downstream uses rate (S_marg); rate_gamma retained for comparison.
  sigma2_hat and truncation bounds unchanged.

 group n_j n_prior shape_ING rate_gamma      rate pct_rate inv_E_gamma
     3  13  1.4444    2.7222  1436.5301 1739.2289  21.0715    527.7050
     5  11  1.2222    2.6111   680.1504  802.0430  17.9214    260.4831
     6  11  1.2222    2.6111   443.5993  750.3056  69.1404    169.8891
     9  10  1.1111    2.5556   129.9390  142.6385   9.7735     50.8457
    10  14  1.5556    2.7778   551.0089  580.3247   5.3204    198.3632
    11  12  1.3333    2.6667   409.4608  578.5261  41.2898    153.5478
    12  12  1.3333    2.6667   443.7867  973.6737 119.4013    166.4200
    13  10  1.1111    2.5556   377.6498  447.1104  18.3929    147.7760
    14  11  1.2222    2.6111   228.2341  304.9769  33.6246     87.4088
    15   8  0.8889    2.4444   668.4675  728.8981   9.0402    273.4640
    17  12  1.3333    2.6667  1191.9814 1589.2095  33.3250    446.9930
    19  13  1.4444    2.7222   441.7765  568.3021  28.6402    162.2853
    20  13  1.4444    2.7222   500.7587  517.4152   3.3262    183.9522
    22  12  1.3333    2.6667   553.9552  790.6428  42.7268    207.7332
    24  11  1.2222    2.6111   628.1644  717.9506  14.2934    240.5736
    25  10  1.1111    2.5556   841.5837  867.4637   3.0752    329.3153
    26  11  1.2222    2.6111   550.7741  778.3989  41.3282    210.9348
    29  14  1.5556    2.7778   854.6998  886.5654   3.7283    307.6919
    30  15  1.6667    2.8333   307.3441  605.0699  96.8705    108.4744
    31  12  1.3333    2.6667   484.3173  547.1273  12.9688    181.6190
    33  12  1.3333    2.6667   337.9305  659.3365  95.1101    126.7239
    35  13  1.4444    2.7222  1133.6779 1570.3365  38.5170    416.4531
    36  12  1.3333    2.6667   344.3139  346.7581   0.7099    129.1177
    37  14  1.5556    2.7778  1027.5672 1460.0632  42.0893    369.9242
    38  10  1.1111    2.5556   322.1087  401.7914  24.7378    126.0425
    39  12  1.3333    2.6667   522.6403  525.2103   0.4917    195.9901
    40  11  1.2222    2.6111   293.5866  394.8709  34.4990    112.4374
    42   9  1.0000    2.5000   540.0674  552.0273   2.2145    216.0270
    43  15  1.6667    2.8333   677.1614  698.4586   3.1451    238.9981
    44  13  1.4444    2.7222   192.5819  198.7208   3.1877     70.7444
    45  12  1.3333    2.6667   520.8216  632.5642  21.4551    195.3081
    47  10  1.1111    2.5556   594.7095  738.2987  24.1444    232.7124
 inv_E_rate pct_inv_E
   638.9004   21.0715
   307.1654   17.9214
   287.3511   69.1404
    55.8151    9.7735
   208.9169    5.3204
   216.9473   41.2898
   365.1276  119.4013
   174.9562   18.3929
   116.7997   33.6246
   298.1856    9.0402
   595.9536   33.3250
   208.7640   28.6402
   190.0709    3.3262
   296.4910   42.7268
   274.9598   14.2934
   339.4423    3.0752
   298.1102   41.3282
   319.1635    3.7283
   213.5541   96.8705
   205.1728   12.9688
   247.2512   95.1101
   576.8583   38.5170
   130.0343    0.7099
   525.6228   42.0893
   157.2227   24.7378
   196.9538    0.4917
   151.2271   34.4990
   220.8109    2.2145
   246.5148    3.1451
    72.9995    3.1877
   237.2116   21.4551
   288.8995   24.1444
anchor=symmetric pwt_measurement=0.10:  0/32 flagged asymmetric | lmc2_max range [0.00665, 0.05933], median 0.01637 | ratio_upp_low median 1.79

--- Per-group Block~1 gamma: rate_gamma (A12 3.3.5) vs rate (A12 3.3.4 S_marg) ---
  dGamma_list downstream uses rate (S_marg); rate_gamma retained for comparison.
  sigma2_hat and truncation bounds unchanged.

 group n_j n_prior shape_ING rate_gamma      rate pct_rate inv_E_gamma
     3  13  5.5714    4.7857  3240.3184 3823.0977  17.9852    677.0815
     5  11  4.7143    4.3571  1441.3472 1671.2522  15.9507    330.8010
     6  11  4.7143    4.3571  1026.7580 1563.4447  52.2700    235.6494
     9  10  4.2857    4.1429   265.3914  288.1880   8.5898     64.0600
    10  14  6.0000    5.0000  1255.6229 1305.7305   3.9907    251.1246
    11  12  5.1429    4.5714   944.1011 1239.6988  31.3100    206.5221
    12  12  5.1429    4.5714  1105.9890 2086.4436  88.6496    241.9351
    13  10  4.2857    4.1429   779.3868  903.3455  15.9046    188.1278
    14  11  4.7143    4.3571   492.1165  635.4938  29.1348    112.9448
    15   8  3.4286    3.7143  1268.6311 1369.6876   7.9658    341.5545
    17  12  5.1429    4.5714  2628.8961 3405.4490  29.5391    575.0710
    19  13  5.5714    4.7857  1009.0253 1249.2171  23.8043    210.8411
    20  13  5.5714    4.7857  1111.5492 1137.3596   2.3220    232.2640
    22  12  5.1429    4.5714  1245.6507 1694.2345  36.0120    272.4861
    24  11  4.7143    4.3571  1331.6390 1496.0251  12.3446    305.6221
    25  10  4.2857    4.1429  1705.2540 1752.6307   2.7783    411.6130
    26  11  4.7143    4.3571  1194.6732 1621.9839  35.7680    274.1873
    29  14  6.0000    5.0000  1929.5699 1994.7722   3.3791    385.9140
    30  15  6.4286    5.2143   878.4774 1390.8749  58.3279    168.4751
    31  12  5.1429    4.5714  1049.6105 1172.4157  11.7001    229.6023
    33  12  5.1429    4.5714   803.3365 1412.8639  75.8745    175.7299
    35  13  5.5714    4.7857  2574.5182 3451.8457  34.0773    537.9590
    36  12  5.1429    4.5714   739.2063  743.0530   0.5204    161.7014
    37  14  6.0000    5.0000  2405.3270 3285.1422  36.5778    481.0654
    38  10  4.2857    4.1429   665.1188  811.7825  22.0508    160.5459
    39  12  5.1429    4.5714  1120.5845 1125.4506   0.4342    245.1279
    40  11  4.7143    4.3571   631.2611  822.8097  30.3438    144.8796
    42   9  3.8571    3.9286  1056.7293 1077.7677   1.9909    268.9857
    43  15  6.4286    5.2143  1561.2820 1605.5476   2.8352    299.4239
    44  13  5.5714    4.7857   426.5377  436.8195   2.4105     89.1273
    45  12  5.1429    4.5714  1136.4802 1355.4948  19.2713    248.6050
    47  10  4.2857    4.1429  1227.9035 1491.6647  21.4806    296.3905
 inv_E_rate pct_inv_E
   798.8562   17.9852
   383.5661   15.9507
   358.8234   52.2700
    69.5626    8.5898
   261.1461    3.9907
   271.1841   31.3100
   456.4095   88.6496
   218.0489   15.9046
   145.8510   29.1348
   368.7620    7.9658
   744.9420   29.5391
   261.0304   23.8043
   237.6572    2.3220
   370.6138   36.0120
   343.3500   12.3446
   423.0488    2.7783
   372.2586   35.7680
   398.9544    3.3791
   266.7431   58.3279
   256.4659   11.7001
   309.0640   75.8745
   721.2812   34.0773
   162.5428    0.5204
   657.0284   36.5778
   195.9475   22.0508
   246.1923    0.4342
   188.8416   30.3438
   274.3409    1.9909
   307.9132    2.8352
    91.2757    2.4105
   296.5145   19.2713
   360.0570   21.4806
anchor=symmetric pwt_measurement=0.30:  0/32 flagged asymmetric | lmc2_max range [0.00658, 0.05872], median 0.01619 | ratio_upp_low median 1.69

(For reference: the ORIGINAL Ex_13 hang showed a persistently-capped
 group with mean_slope ~ 0.0103 exceeding lmc2_max ~ 0.0084 under the
 current max_disp_perc=0.99/blup-anchor settings.)
